3.054124283625253566e-03
1.058496073601220000e-02
-1.429993226261918604e-01
-1.228658525714846628e-01
************************************************************************
4.211459762454608513e-02
4.936902983895042479e-02
-1.958149489302475343e-01
-1.755992003757595454e-01
************************************************************************
8.522116066304692705e-02
9.181841021383743695e-02
-2.540500592736690266e-01
-2.333271392534211341e-01
************************************************************************
1.322557166561502406e-01
1.384366793434002318e-01
-3.161280353146268540e-01
-2.950191455031972998e-01
************************************************************************
1.834004886989937244e-01
1.895300159196056933e-01
-3.794475228022194946e-01
-3.580518678988598991e-01
************************************************************************
2.312563227520797182e-01
2.376246503756946626e-01
-4.401861492027051570e-01
-4.187482255882322146e-01
************************************************************************
2.808831536558853426e-01
2.874765758088009271e-01
-5.021189591659961371e-01
-4.808399457078316175e-01
************************************************************************
3.315599331925641602e-01
3.383486200705073665e-01
-5.650239498621333345e-01
-5.440243542727507542e-01
************************************************************************
3.831971203410510229e-01
3.901493444454431914e-01
-6.291710790334369419e-01
-6.085241597045424333e-01
************************************************************************
4.352220642099613457e-01
4.422886368439342131e-01
-6.952193339693237828e-01
-6.746018410125973475e-01
************************************************************************
4.829293792793402096e-01
4.901434868604089834e-01
-7.567019468387593539e-01
-7.364637126898474495e-01
************************************************************************
5.307848174874117975e-01
5.380722570022854478e-01
-8.184530416836629518e-01
-7.984304923561815759e-01
************************************************************************
5.788013018724039727e-01
5.861053022599763684e-01
-8.805090383513503038e-01
-8.605825993905138471e-01
************************************************************************
6.269618885215701987e-01
6.342402520872489902e-01
-9.428720839220258165e-01
-9.229542825560270725e-01
************************************************************************
6.752336488948020854e-01
6.824558018212852906e-01
-1.005524736446270939e+00
-9.855514769267371689e-01
************************************************************************
7.235762027847364442e-01
7.307205770190641214e-01
-1.068439071969678134e+00
-1.048363379151272312e+00
************************************************************************
7.719469504246485592e-01
7.789988225844405312e-01
-1.131582299098151445e+00
-1.111369834646958488e+00
************************************************************************
8.203042432588331101e-01
8.272540209910632658e-01
-1.194920164164877230e+00
-1.174545994022144546e+00
************************************************************************
8.784419207053280054e-01
8.851402636058396389e-01
-1.262696420470959202e+00
-1.242757238262805819e+00
************************************************************************
9.359467799705527558e-01
9.424958223775445898e-01
-1.326940574933347383e+00
-1.307698639094992954e+00
************************************************************************
9.929255281939802780e-01
9.992793814495446458e-01
-1.391899353608530010e+00
-1.373399301486975199e+00
************************************************************************
1.049331572605781915e+00
1.055458312416108546e+00
-1.457505042712456733e+00
-1.439743781110372156e+00
************************************************************************
1.101724991078897986e+00
1.107995530818176588e+00
-1.525137346795261806e+00
-1.508013918819558707e+00
************************************************************************
1.153744708578168021e+00
1.160183414383392009e+00
-1.592464271599302261e+00
-1.575877173912553442e+00
************************************************************************
1.205093962867181512e+00
1.211723286434227331e+00
-1.659708028294082816e+00
-1.643641951399972712e+00
************************************************************************
1.255882978527873117e+00
1.262719958009908883e+00
-1.726867991825100423e+00
-1.711302346582205480e+00
************************************************************************
1.306200798121954998e+00
1.313257815787917560e+00
-1.793943876056790288e+00
-1.778855060259489473e+00
************************************************************************
1.356119403491948594e+00
1.363404986141925290e+00
-1.860935575592600033e+00
-1.846298677355198370e+00
************************************************************************
1.405697392496043641e+00
1.413216945440364247e+00
-1.927843074719258976e+00
-1.913633025720991254e+00
************************************************************************
1.457106979424977800e+00
1.464753447797563002e+00
-1.998635268646060670e+00
-1.984148132853974067e+00
************************************************************************
1.510674850078113751e+00
1.518626477330248692e+00
-2.064533037991985509e+00
-2.049373391659853549e+00
************************************************************************
1.564177273550789282e+00
1.572406196427815983e+00
-2.130045427729253316e+00
-2.114275868275719006e+00
************************************************************************
1.619532777569241855e+00
1.628196735075723156e+00
-2.197410527134513902e+00
-2.181305558185233640e+00
************************************************************************
1.665807160448605551e+00
1.674320113133744625e+00
-2.262108350899053377e+00
-2.245826407622242726e+00
************************************************************************
1.713416619482976522e+00
1.721734445444487616e+00
-2.334089224749266389e+00
-2.318058755303383123e+00
************************************************************************
1.759203665027011310e+00
1.767387855983545419e+00
-2.398396883149557013e+00
-2.382204677813726690e+00
************************************************************************
1.803687245977626086e+00
1.811603625280873153e+00
-2.461293356893564876e+00
-2.444711316468225260e+00
************************************************************************
1.847942934744813748e+00
1.855623010559213304e+00
-2.523992459880708417e+00
-2.507048128123924080e+00
************************************************************************
1.891987958344442555e+00
1.899459933322457550e+00
-2.586503289979470210e+00
-2.569224979288656563e+00
************************************************************************
1.935838969995690162e+00
1.943128155363693210e+00
-2.648835337678157931e+00
-2.631251828055290343e+00
************************************************************************
1.980824007426768008e+00
1.988012947285731080e+00
-2.712511743513848383e+00
-2.694775723563393122e+00
************************************************************************
2.025681818885849861e+00
2.032791988498022118e+00
-2.775977077277255400e+00
-2.758095223097248194e+00
************************************************************************
2.069047301051777588e+00
2.076031615343493009e+00
-2.837841181258314638e+00
-2.819737323147485153e+00
************************************************************************
2.113657330274911317e+00
2.120570208336866713e+00
-2.901069836290249171e+00
-2.882822104008215369e+00
************************************************************************
2.158166280872037213e+00
2.164994500406000277e+00
-2.964300668498156544e+00
-2.945910705107539940e+00
************************************************************************
2.202559959308925563e+00
2.209322342237387549e+00
-3.027311551683463442e+00
-3.008779552408983982e+00
************************************************************************
2.245459689235067113e+00
2.252152214922253481e+00
-3.088677616124732239e+00
-3.070021250153742720e+00
************************************************************************
2.289664027411626446e+00
2.296295218912466130e+00
-3.151484785071090755e+00
-3.132687703926247735e+00
************************************************************************
2.343140304072467206e+00
2.349346543083588479e+00
-3.219438661931326884e+00
-3.201025400657817155e+00
************************************************************************
2.385830961099372871e+00
2.391977938989662711e+00
-3.280594660451626066e+00
-3.262065837266023394e+00
************************************************************************
2.428448286795127586e+00
2.434546236582816992e+00
-3.341652410651600125e+00
-3.323029891900727950e+00
************************************************************************
2.476879362562705023e+00
2.483014433398385457e+00
-3.407193670298375388e+00
-3.388522172468033222e+00
************************************************************************
2.519387621421028456e+00
2.525481152869545109e+00
-3.468110995561445531e+00
-3.449361156635022851e+00
************************************************************************
2.561841889088646962e+00
2.567902397198817077e+00
-3.528945845601281217e+00
-3.510136931016202499e+00
************************************************************************
2.604249157627672506e+00
2.610284499459465835e+00
-3.589704799398445001e+00
-3.570855015836524871e+00
************************************************************************
2.646615838417716304e+00
2.652633278774508163e+00
-3.650393977243329591e+00
-3.631520460465508915e+00
************************************************************************
2.690343381494314290e+00
2.696305752945658885e+00
-3.712675609972041268e+00
-3.693687133511205811e+00
************************************************************************
2.732645849062052879e+00
2.738602656530796597e+00
-3.773242111745241711e+00
-3.754259231921849072e+00
************************************************************************
2.779195569828990742e+00
2.785520689477106959e+00
-3.838670980550801026e+00
-3.819453310513696742e+00
************************************************************************
2.826394383061944460e+00
2.832813103365898755e+00
-3.904234625892274213e+00
-3.885313652441398702e+00
************************************************************************
2.868624272807218212e+00
2.875047498344548647e+00
-3.964649256675491618e+00
-3.945756341496608144e+00
************************************************************************
2.921147561866189069e+00
2.927543900508679631e+00
-4.030191943429852763e+00
-4.010426456323572530e+00
************************************************************************
2.964719727413150707e+00
2.971414112860143231e+00
-4.091830819500781757e+00
-4.072810027486799100e+00
************************************************************************
3.008347295934319376e+00
3.015358310195420000e+00
-4.153538196119494152e+00
-4.135241490270719744e+00
************************************************************************
3.055724025499181096e+00
3.062413985878452038e+00
-4.218998541572971384e+00
-4.199915915551068579e+00
************************************************************************
3.097867699436067213e+00
3.104560162356770903e+00
-4.279212630454642508e+00
-4.260149591564450056e+00
************************************************************************
3.141361743384964988e+00
3.148003828223106204e+00
-4.340993758701330307e+00
-4.321831239413502779e+00
************************************************************************
3.187909954640921750e+00
3.194282014084388166e+00
-4.409035172213491727e+00
-4.389552242348663924e+00
************************************************************************
3.231996751987985306e+00
3.238684480529158360e+00
-4.471091189584101677e+00
-4.452370415064988762e+00
************************************************************************
3.275425374725850602e+00
3.282065854182897535e+00
-4.532698716500108027e+00
-4.513885364932018085e+00
************************************************************************
3.320031559187334391e+00
3.326833719048588378e+00
-4.594674328268723684e+00
-4.576379566962463841e+00
************************************************************************
3.363438516166267878e+00
3.370194296238040899e+00
-4.656196032703306287e+00
-4.637813384132924099e+00
************************************************************************
3.407756509748582907e+00
3.414845942300806847e+00
-4.718442988611467825e+00
-4.700768990645204148e+00
************************************************************************
3.451143876266812516e+00
3.458186663003877115e+00
-4.779877682391009408e+00
-4.762121246679043018e+00
************************************************************************
3.498727076023747440e+00
3.505696844260456135e+00
-4.844734745091484385e+00
-4.826912196739100658e+00
************************************************************************
3.546076501765987210e+00
3.553132456170406073e+00
-4.909667899996420282e+00
-4.891877612940294107e+00
************************************************************************
3.593395422348067303e+00
3.600537381915193347e+00
-4.974588899647502949e+00
-4.956835558512879381e+00
************************************************************************
3.636783711988011980e+00
3.643881444430997263e+00
-5.035906047027530974e+00
-5.018073733309452500e+00
************************************************************************
3.680166657857755652e+00
3.687221152866877016e+00
-5.097185595049108287e+00
-5.079275043741654727e+00
************************************************************************
3.728013386357164727e+00
3.735097045733138277e+00
-5.162360312335745327e+00
-5.144995162811644818e+00
************************************************************************
3.770834122884795470e+00
3.777706172868126266e+00
-5.222916558738532444e+00
-5.205140608664318158e+00
************************************************************************
3.813613401213420850e+00
3.820291327500570766e+00
-5.283393578286815995e+00
-5.265219662587293570e+00
************************************************************************
3.859398908866872091e+00
3.866088443255232043e+00
-5.350208110800308781e+00
-5.331937580212733785e+00
************************************************************************
3.905503310980313003e+00
3.912158072845728807e+00
-5.413322165380368034e+00
-5.394787558491986879e+00
************************************************************************
3.951655684826363757e+00
3.958284156655350383e+00
-5.476420482163915082e+00
-5.457631346801816719e+00
************************************************************************
3.997486709807806626e+00
4.003833007791016030e+00
-5.540252647611848325e+00
-5.520873022082231074e+00
************************************************************************
4.043302106756241798e+00
4.049381710792569145e+00
-5.604049286453401280e+00
-5.584067915449854702e+00
************************************************************************
4.089104572547883620e+00
4.094931917152141665e+00
-5.667812898840156599e+00
-5.647218439122586808e+00
************************************************************************
4.134436413239004793e+00
4.140354806286369538e+00
-5.731858852556752204e+00
-5.711813509865247163e+00
************************************************************************
4.184522009672167364e+00
4.190095449086766344e+00
-5.796652807983414313e+00
-5.776060371827624884e+00
************************************************************************
4.227946943889945075e+00
4.233491639193427858e+00
-5.857618458687582574e+00
-5.836947251715783658e+00
************************************************************************
4.270698951885550265e+00
4.276115669152738441e+00
-5.917770572657082617e+00
-5.896719033646396824e+00
************************************************************************
4.313435483318237118e+00
4.318732376771659887e+00
-5.977872541963579422e+00
-5.956449565172013294e+00
************************************************************************
4.356158714581760627e+00
4.361343241987801989e+00
-6.037926901553651859e+00
-6.016141239996842138e+00
************************************************************************
4.398870639113753533e+00
4.403949627554126778e+00
-6.097936033463395411e+00
-6.075796263278638421e+00
************************************************************************
4.443841480287037626e+00
4.449125988828375178e+00
-6.160151687190245084e+00
-6.138695881236302831e+00
************************************************************************
4.488819810952371370e+00
4.494316410423873975e+00
-6.222368698813669496e+00
-6.201569753768730209e+00
************************************************************************
4.539076025633866251e+00
4.544703324023908309e+00
-6.287931071403394689e+00
-6.267256543765467036e+00
************************************************************************
4.583901831670429416e+00
4.589746854398130793e+00
-6.349960342505649891e+00
-6.329898211498215410e+00
************************************************************************
4.629819234660204508e+00
4.635449661997226301e+00
-6.413499225571394291e+00
-6.392891939415975777e+00
************************************************************************
1.468443820568315905e-01
4.803791299312577118e-02
-1.559891708739207516e-01
-1.694281113777800218e-01
************************************************************************
1.965649446300209713e-01
9.784874011794009174e-02
-2.202480226816520004e-01
-2.336747355573220442e-01
************************************************************************
2.449133437636348554e-01
1.480606185897441196e-01
-2.828591731948837396e-01
-2.955642517905139321e-01
************************************************************************
2.946239063223375920e-01
1.989175407218137792e-01
-3.459645484672130844e-01
-3.582737445044297808e-01
************************************************************************
3.483015805890283811e-01
2.468508507560598919e-01
-4.107356487955942104e-01
-4.226694041947398617e-01
************************************************************************
4.017988209441560876e-01
2.959124262613873624e-01
-4.765610472083836591e-01
-4.881586388287214584e-01
************************************************************************
4.534466310252829313e-01
3.454531762137889039e-01
-5.420004117314715097e-01
-5.534253479719226654e-01
************************************************************************
5.075614301575968046e-01
3.966132344326005477e-01
-6.097119230019587555e-01
-6.208627507253942079e-01
************************************************************************
5.591072162049078864e-01
4.473863649664219788e-01
-6.764170600254132415e-01
-6.875134560941150719e-01
************************************************************************
6.154329225836765449e-01
4.975272005970717837e-01
-7.458922933146509004e-01
-7.566333195289399738e-01
************************************************************************
-9.066591840396660829e-03
-1.009047944820563869e-02
-1.158701060101996472e-01
-1.263668236679280077e-01
************************************************************************
2.928237330606023314e-02
2.819622587280051773e-02
-1.682501248308633235e-01
-1.788512957018273397e-01
************************************************************************
6.987655960796870791e-02
6.887954083422853646e-02
-2.235453747306605510e-01
-2.343412920440102742e-01
************************************************************************
1.147643957781374069e-01
1.138425009831430523e-01
-2.835654776942861388e-01
-2.945913494112710751e-01
************************************************************************
1.650506392975420455e-01
1.641441343600098524e-01
-3.452382360780738568e-01
-3.566040467253321911e-01
************************************************************************
2.119656093245756989e-01
2.110244972659119089e-01
-4.053222531076642321e-01
-4.168244281904498472e-01
************************************************************************
2.607755919351440466e-01
2.598001333884674136e-01
-4.666378865797771724e-01
-4.781326863342311717e-01
************************************************************************
3.108621365069310638e-01
3.098555534793404065e-01
-5.289798197343233976e-01
-5.403731726895864007e-01
************************************************************************
3.621708167564056668e-01
3.611366623955317157e-01
-5.925724932387221866e-01
-6.038205373952112431e-01
************************************************************************
4.140782096291151793e-01
4.130360825738790265e-01
-6.584420135783624062e-01
-6.696313656557821847e-01
************************************************************************
